880286
880276
1108903
1335399
1336355
1375722
1281288
880306
1198382
1281290
1384512
1384510
1306614
1330684
1342670
1336613
1330678
1348794
1397545
1258142
1342940
1293739
1284521
1363080
1356246
1348791
1309824
1336878
1285848
1331015
1358156
1381545
1337501
1365958
1363079
1325792
1321474
1381536
1329547
1352489
1387156
1347551
1385680
1365184
1365892
1323696
1280524
1331117
1347541
1383387
1334403
1365925
1374846
1383100
1293604
1394736
1330036
1381540
1358957
1323640
1383477
1360194
1353550
1383386
1313621
1364256
1342935
1326481
1237252
1329594
1381486
1355310
1382097
1343136
1374092
1345716
1370618
1371600
1338384
1363204
1358688
1361497
1389536
1337497
1352099
1343103
1370964
1281297
1316950
1361815
1365778
1305377
1361480
1377469
1372371
1342303
1387168
1330991
1361458
1344542
1330970
1344095
1380138
1382309
1370929
1373245
1380558
1337492
1360509
1389112
1363121
1345699
1357975
1368720
1289412
1355624
1343252
1353480
1350426
1392458
1350498
1265048
1367079
1369054
1358133
1385819
1367784
1357753
1312956
1370319
1363196
1369444
1355313
1358090
1293642
1382082
1343016
1372080
1374845
1359572
1390490
1305309
1331026
1344240
1386288
1372975
1351952
1397550
1383328
1343624
1350591
1389113
1370950
1303349
1382090
1394478
1319576
1355316
1381434
1398594
1348018
1327301
1361759
1286622
1370325
1305316
1360425
1394450
1340182
1296135
1331030
1331502
1377458
1358135
1377032
1341727
1370098
1358564
1381752
1358108
1360505
1360432
1384932
1356156
1340673
1360142
1361347
1345601
1372301
1306174
1366942
1358651
1373324
1359733
1341650
1318244
1369053
1360406
1264906
1350317
1373505
1373262
1345683
1373420
1363082
1350999
1381537
1383196
1366885
1372978
1319833
1331492
1382315
1365336
1305270
1355891
1383508
1325862
1285946
1367807
1362098
1364662
1330720
1379052
1397601
1341069
1361455
1383113
1396253
1319369
1373243
1381091
1369051
1382716
1360161
1365238
1350914
1380300
1350901
1394746
1344275
1394951
1358106
1370277
1376707
1394459
1354756
1361762
1364898
1345721
1350327
1352093
1358089
1360503
1381217
1390483
1370948
1383198
1389119
1313867
1319074
1363691
1381541
1325330
1369114
1397310
1371591
1354512
1348931
1345715
1370256
1374183
1352268
1362099
1365971
1375872
1187348
1321841
1352246
1367889
1384058
1380921
1383180
1395923
1396108
1347923
1373647
1382543
1375798
1393831
1360485
1339943
1287473
1331485
1331486
1353867
1364763
1377300
1351125
1286411
1302129
1332647
1331171
1347373
1350910
1351103
1358001
1360316
1369368
1373272
1376168
1335074
1369380
1376712
1370328
1319005
1321795
1360545
1344847
1348698
1385621
1394473
1328745
1340668
1347639
1351946
1363659
1381822
1394483
1289899
1340670
1394946
1386418
1360284
1371689
1402910
1385668
1334404
1383515
1345632
1364876
1347165
1389490
1344061
1377527
1356228
1371275
1384090
1371191
1383568
1390417
1039095
1325867
1351347
1372345
1373322
1383543
1401276
1362091
1355526
1358127
1361531
1361325
1366232
1301775
1326919
1347167
1348176
1390495
1341712
1392309
1359457
1378722
1346815
1354893
1377031
1358125
1382079
1385619
1318664
1357119
1361778
1358363
1275683
1331023
1343750
1350575
1350341
1353334
1355525
1356248
1356249
1389742
1376177
1359586
1348822
1360393
1364358
1402855
1390587
1361083
1359410
1319585
1343621
1361757
1340665
1346814
1382846
1356247
1360517
1372925
1365673
1399687
1380598
1382248
1287534
1360444
1333258
1351984
1382373
1377049
1304727
1305544
1367424
1374335
1363660
1358140
1361304
1365207
1375961
1376106
1376829
1381039
1389853
1301444
1290411
1332181
1379241
1348689
1355623
1380231
1380563
1380787
1382021
1356316
1328729
1327741
1387579
1359497
1360392
1398630
1370779
1382427
1373321
1377231
1380922
1385242
1279309
1362161
1332649
1350500
1343269
1350867
1360487
1397533
1356115
1389357
1331067
1331124
1343619
1334584
1377774
1343226
1351547
1354494
1381707
1360385
1361525
1370986
1373394
1377053
1385629
1385630
1391407
1385669
1325871
1358632
1325021
1313800
1377719
1367177
1340611
1369576
1370316
1370768
1370353
1373388
1373438
1389118
1207306
1362477
1319396
1319430
1321172
1348981
1367553
1332101
1343790
1345672
1360550
1346395
1346575
1348180
1355514
1356236
1360499
1365185
1381037
1399701
1389734
1391509
1298458
1359048
1318437
1358949
1346617
1352254
1348036
1366522
1395396
1337662
1330974
1355539
1359477
1359850
1393408
1360330
1373094
1361755
1396398
1389390
1389962
1381851
1287562
1302312
1315642
1330824
1359783
1341652
1343127
1346574
1351997
1409874
1364354
1366293
1262550
1293062
1307857
1367555
1336036
1380337
1363949
1355349
1345692
1348697
1346399
1353474
1353767
1374159
1356235
1360629
1361957
1361774
1365675
1370329
1402290
1392421
1381501
1396103
1325879
1364985
1255818
1322166
1339135
1363584
1338141
1343242
1345674
1353718
1365072
1353764
1366324
1360202
1381826
1362407
1362798
1363626
1407242
1396255
1311701
1315596
1388708
1345791
1316867
1341048
1313676
1376709
1381956
1337081
1327250
1396712
1332970
1336037
1341639
1340635
1344060
1344253
1361783
1356777
1354706
1360386
1359728
1358964
1360493
1363205
1363571
1376057
1398588
1379283
1372377
1379481
1394836
1282892
1231907
1278426
1327751
1366960
1340605
1340628
1340631
1340633
1346317
1349669
1348184
1377521
1373662
1359901
1360627
1371223
1372111
1374103
1379039
1375996
1382043
1382023
1384884
1311775
1260695
1348952
1363534
1333334
1334583
1336014
1336052
1368589
1344820
1350394
1349341
1350651
1350995
1381709
1357378
1360436
1404658
1365224
1368668
1369379
1387245
1383570
1383544
1387544
1396004
1105637
1364980
1328852
1333332
1357396
1398091
1353869
1348147
1352686
1358103
1358121
1373654
1373390
1373443
1380240
1385382
1394737
1368625
1207310
1243539
1297619
1297683
1300928
1356283
1301965
1303561
1318501
1331114
1327712
1350628
1331039
1333124
1347367
1357372
1361967
1336016
1336051
1374455
1343110
1405164
1383599
1348704
1348709
1351047
1349297
1350239
1350445
1350519
1358091
1381853
1357954
1361302
1363016
1361766
1362406
1375408
1372366
1371630
1391827
1393809
1404156
1352038
1275710
1401557
1336832
1333261
1338238
1343208
1352513
1357118
1396948
1359742
1371473
1364017
1370598
1385368
1374032
1385681
1393802
1326825
1364900
1207308
1325880
1262518
1306109
1275809
1345628
1365664
1293058
1373734
1303343
1318294
1397062
1330943
1330979
1330150
1331957
1334565
1343121
1344273
1380184
1343979
1346394
1348701
1352868
1348672
1349644
1349646
1351102
1353721
1355524
1355533
1358043
1361450
1360944
1367989
1361768
1384831
1367450
1370269
1370872
1405281
1380302
1382684
1392044
1390582
1392437
1396126
1348032
1287469
1299583
1319423
1319568
1358569
1331559
1330154
1337489
1339790
1340703
1343402
1346819
1346822
1405750
1385606
1353070
1354404
1355531
1392034
1361493
1364369
1374774
1372387
1373259
1373327
1373425
1407508
1394550
1395921
1399271
1282827
1364925
1275627
1282784
1345610
1363592
1363614
1298224
1345792
1301526
1364881
1316859
1316877
1318512
1330946
1323316
1329756
1331401
1332022
1335573
1335769
1336022
1336031
1379221
1398088
1343228
1344169
1343980
1360528
1365091
1365156
1346621
1350018
1392836
1352191
1348134
1348181
1350437
1350515
1351645
1354819
1354832
1382746
1356095
1356102
1381784
1381926
1377228
1357939
1363998
1358568
1359865
1359895
1360781
1360926
1363023
1404705
1363579
1372924
1363467
1371288
1366297
1368652
1370095
1375802
1371691
1379205
1380253
1380251
1384157
1387115
1387182
1385201
1385203
1385276
1390385
1394567
1395908
1396222
1335635
1322260
1325876
1356559
1298147
1298621
1305297
1330733
1313802
1359726
1348824
1334402
1337962
1339554
1346383
1347635
1347661
1352238
1351881
1351944
1350559
1352563
1363657
1374120
1354109
1355513
1359673
1357960
1372335
1360312
1360575
1373098
1361801
1363555
1365220
1366302
1372319
1384050
1409257
1377790
1392586
1383567
1380166
1380788
1396611
1392558
1383235
1387371
1394847
1394795
1309816
1275837
1345625
1337863
1286299
1291880
1291883
1339234
1302080
1367427
1320421
1372466
1304836
1306467
1353921
1338433
1308340
1316855
1318602
1319870
1319828
1349868
1322616
1327713
1330976
1348984
1329784
1334596
1335571
1335644
1336024
1336025
1336027
1336044
1391265
1341257
1341297
1394740
1348814
1377140
1363273
1343261
1380195
1343567
1343727
1343731
1350399
1361787
1348702
1348708
1386240
1350864
1358158
1353484
1353058
1357102
1358099
1355519
1356159
1381778
1381780
1381852
1356349
1357099
1357957
1358141
1360445
1367980
1363167
1387471
1361703
1366558
1361773
1363301
1407592
1389042
1377120
1370757
1395357
1371594
1373264
1377220
1392460
1379002
1380971
1381469
1382703
1392628
1384159
1391527
1392462
1388789
1391386
1394575
1394849
1395573
1373507
1326357
1340235
1363239
1344235
1298106
1298130
1298131
1298211
1302128
1316164
1308675
1308623
1326711
1332648
1318571
1320985
1349904
1344053
1348122
1327551
1331902
1331619
1333134
1340693
1340696
1346829
1400337
1346818
1351963
1349827
1400030
1363904
1357600
1382311
1353564
1355929
1359462
1388350
1357907
1358003
1358018
1360147
1358969
1359379
1359500
1359564
1370809
1363045
1361705
1361794
1365218
1366945
1370759
1370348
1381971
1370835
1374030
1377102
1392465
1392583
1383114
1380176
1389931
1381809
1383074
1382572
1383574
1403473
1395926
1206281
1218958
1207307
1352318
1326652
1363956
1308466
1322601
1275706
1326422
1339919
1340204
1345609
1365670
1287632
1286298
1287468
1339096
1373258
1314305
1299480
1302153
1298427
1298463
1322043
1322170
1353950
1315708
1308341
1315636
1354761
1318504
1318505
1318516
1318683
1318710
1319415
1318676
1327254
1321043
1349906
1322634
1360451
1363556
1330163
1343587
1359781
1405912
1405979
1331623
1331617
1331416
1331887
1331893
1332114
1336309
1334454
1334763
1335592
1335646
1336017
1336023
1336040
1336049
1337490
1337491
1338312
1367700
1361894
1340147
1341651
1340713
1363305
1344091
1360134
1343978
1361775
1363587
1397600
1346790
1346403
1353826
1346787
1346817
1351964
1349006
1349544
1350050
1350594
1353535
1353476
1393069
1368431
1369378
1356261
1397599
1356357
1375871
1357942
1357388
1358040
1359889
1360945
1360310
1396680
1361858
1361943
1361767
1364002
1370596
1365216
1368482
1364747
1372357
1366366
1366458
1367446
1373716
1369143
1370341
1370094
1370792
1370934
1405407
1371241
1371617
1372164
1385369
1376505
1389388
1385631
1385633
1392464
1377515
1380586
1389898
1381509
1398089
1382702
1394466
1385238
1385244
1385287
1400660
1390592
1394563
1394568
1395389
1400348
1282897
1387290
1364947
1259312
1262420
1339787
1365677
1278790
1286293
1286297
1356507
1313193
1296598
1296859
1298249
1400302
1298460
1304837
1322111
1346605
1330137
1318669
1318672
1318460
1329755
1359740
1331548
1331554
1332164
1332505
1342942
1335223
1355315
1341302
1339362
1339408
1339889
1374456
1339918
1340781
1343590
1343649
1343725
1379232
1360549
1344361
1351023
1351366
1353697
1346816
1371235
1353103
1351075
1351193
1351365
1350926
1365107
1351541
1351607
1353059
1357669
1358119
1354401
1368434
1366472
1377223
1388352
1369522
1357382
1358147
1394571
1359574
1359743
1360484
1360571
1362338
1380141
1365214
1364746
1368350
1367580
1370338
1382564
1371218
1372953
1373330
1373428
1374462
1377216
1380919
1392600
1383539
1389877
1398552
1382682
1382704
1387039
1390583
1396340
1397064
1399073
1249675
1142869
1352309
1365940
1262424
1282888
1266069
1345626
1345631
1365692
1365700
1286295
1287560
1339137
1344224
1296907
1296945
1302353
1298115
1298118
1298251
1302185
1302254
1302380
1302383
1302490
1333932
1336727
1323332
1304859
1308329
1308342
1308343
1319439
1313216
1350439
1354506
1354763
1318596
1318598
1318789
1331040
1326359
1365095
1319391
1319446
1354592
1349867
1349913
1326142
1327249
1327253
1370453
1327714
1348989
1367971
1331478
1331611
1332093
1332110
1334201
1343116
1335233
1335245
1335579
1335581
1335588
1335595
1335647
1341739
1336015
1336021
1336028
1336035
1336106
1336107
1379230
1355317
1350114
1339248
1343410
1340142
1389070
1340706
1340776
1340904
1343104
1375668
1346283
1343240
1363284
1363286
1343254
1344168
1343400
1343440
1343586
1343588
1344796
1361790
1346792
1346302
1348699
1348703
1351071
1351121
1346821
1346824
1347667
1348151
1349425
1349518
1350328
1350569
1350782
1353046
1352494
1352562
1351070
1352668
1352812
1353062
1353073
1353333
1384916
1357514
1357518
1355897
1358132
1353548
1354108
1354559
1355512
1369366
1363894
1356110
1356158
1381754
1381779
1381782
1381807
1381824
1404070
1356337
1356356
1375940
1357812
1358038
1389597
1357949
1358598
1358939
1360291
1358342
1360596
1359854
1359855
1359897
1360512
1367887
1409872
1360305
1360563
1373093
1360601
1363033
1397393
1361535
1361945
1363470
1363471
1364000
1373699
1365215
1365217
1364373
1368344
1368348
1365222
1366459
1366520
1404457
1367459
1373714
1369614
1370616
1370334
1379288
1370875
1370877
1375804
1371242
1371605
1371641
1372285
1372298
1374003
1374018
1392077
1392087
1376082
1376124
1377030
1385625
1392429
1392602
1383528
1390331
1380216
1380233
1389903
1407248
1380747
1380779
1380872
1380379
1381089
1382027
1382692
1382698
1383092
1382571
1382591
1384153
1384205
1383162
1383937
1385202
1385210
1385212
1385218
1385220
1385222
1385223
1385237
1385283
1385284
1385301
1393142
1401451
1391535
1392434
1387309
1403216
1391399
1391828
1394580
1394839
1394881
1395393
1394804
1395174
1395642
1396134
1404143
1399053
1399063
1309821
1364928
1201112
1361782
1351987
1262421
1344659
1280934
1275740
1341909
1339932
1365709
1374329
1285449
1286296
1287485
1339106
1304507
1313195
1372337
1298113
1298114
1298138
1299576
1299591
1302130
1405109
1304834
1304842
1304860
1322035
1322080
1338685
1308621
1308673
1359109
1367178
1308554
1308618
1331566
1332027
1368349
1313683
1343129
1316864
1316865
1316866
1318405
1319499
1331115
1331120
1326360
1324052
1406887
1350031
1394104
1325305
1327171
1360457
1365073
1329754
1331544
1331398
1331596
1331614
1332125
1332174
1348828
1332518
1336605
1333681
1334200
1334438
1334445
1334464
1341344
1357352
1335236
1335250
1335345
1335379
1380624
1340425
1340437
1336300
1339894
1339920
1340149
1341153
1341619
1341621
1366586
1358227
1342302
1343213
1343275
1345604
1405198
1343644
1345442
1403573
1360526
1365155
1344797
1344819
1361786
1361789
1345972
1346405
1386279
1348034
1348118
1348793
1348830
1375434
1351046
1351198
1351345
1378690
1378730
1378740
1378743
1352454
1351370
1357811
1357920
1357947
1350553
1368539
1358107
1382314
1356643
1352625
1352638
1352661
1352669
1353518
1355680
1357516
1374191
1358187
1353877
1353773
1354111
1354115
1354116
1366227
1355552
1392008
1357905
1357938
1370939
1357897
1358152
1361459
1360931
1358719
1359187
1359375
1359555
1359578
1359580
1359724
1359735
1359826
1359833
1360489
1381828
1361628
1368563
1362331
1362336
1363044
1363078
1361753
1366519
1363578
1363504
1363462
1390386
1365221
1363989
1363991
1375999
1365931
1397469
1367457
1368955
1370267
1370333
1370609
1370612
1370615
1370623
1370625
1395349
1395354
1377883
1370878
1370889
1370892
1372367
1373768
1370987
1371187
1396427
1373503
1377290
1382269
1375965
1376074
1392426
1392433
1392557
1383527
1379990
1380186
1389851
1394241
1380557
1381493
1381494
1382031
1403415
1381816
1381837
1382685
1382690
1382706
1383072
1383080
1384152
1384160
1384180
1387323
1383143
1383572
1402303
1401220
1390378
1402811
1395445
1394850
1395968
1394816
1404232
1397470
1399085
1405268
1231933
1368643
1139000
1142842
1142864
1142865
1387160
1370270
1352047
1352299
1382422
1402624
1352053
1356315
1275682
1275741
1275802
1326323
1368574
1374333
1339556
1339709
1339786
1339921
1345611
1365684
1281593
1281599
1285299
1285412
1356557
1375412
1297685
1324371
1295584
1313165
1296894
1298108
1298117
1298128
1298142
1298235
1302152
1302156
1302173
1302182
1302184
1302336
1302376
1400300
1300971
1336729
1304841
1304844
1304845
1304863
1322032
1322038
1322069
1306468
1353961
1308314
1359106
1308551
1308606
1315644
1319425
1344525
1343014
1313186
1313199
1313203
1373987
1408550
1411043
1315337
1316869
1319040
1354509
1354589
1354590
1318444
1318687
1319493
1330971
1330988
1331123
1331210
1318466
1319007
1319009
1319560
1319571
1319579
1319630
1319634
1367102
1319844
1327251
1321007
1321021
1321047
1321122
1349861
1323684
1322636
1323495
1326460
1365208
1325858
1355845
1360450
1360455
1370452
1329599
1331375
1331536
1331685
1331699
1331941
1331964
1359672
1331479
1331550
1331560
1331576
1331616
1331917
1331956
1331967
1331977
1367860
1367864
1367878
1367939
1367965
1400802
1405408
1332109
1332118
1332153
1332172
1332161
1333127
1333589
1333574
1333471
1352056
1334203
1334206
1334214
1357105
1357141
1357354
1357355
1357358
1357395
1357401
1366871
1334762
1335228
1335240
1335386
1335576
1335580
1335582
1335583
1335584
1335593
1335594
1335684
1335698
1335705
1335706
1335710
1335724
1380569
1380590
1380593
1380670
1336019
1336020
1336029
1336032
1336033
1336034
1336041
1336042
1336043
1336085
1336099
1336117
1336124
1379222
1379236
1379281
1379284
1379321
1379450
1379473
1379482
1379502
1379743
1350097
1350116
1339239
1339252
1339356
1339367
1339388
1339410
1340203
1340140
1340153
1340238
1340243
1341145
1341197
1341304
1341702
1382856
1340709
1340752
1340800
1343102
1377779
1377116
1385186
1343229
1363282
1363295
1343227
1343253
1344064
1344277
1344278
1360135
1360144
1400359
1343620
1343637
1343654
1343675
1343690
1343692
1378905
1403514
1344333
1344326
1360548
1360552
1344287
1344805
1344817
1344830
1350369
1350396
1350419
1350420
1361777
1355436
1348818
1348700
1348706
1348707
1348711
1348720
1348608
1350322
1351373
1386242
1386272
1386287
1346410
1346778
1351118
1346862
1346820
1347657
1348152
1348170
1348470
1349209
1349311
1349563
1353042
1389470
1355625
1350795
1375402
1350877
1350506
1350526
1350531
1352346
1350585
1350882
1351458
1353092
1350627
1350639
1350644
1351350
1351355
1351359
1351873
1351958
1377701
1377825
1352707
1353002
1353008
1353011
1353040
1353044
1353048
1378978
1352492
1352509
1372941
1351027
1351056
1351067
1350551
1350562
1373422
1373442
1369110
1358120
1382384
1386655
1351081
1352236
1353485
1353494
1353505
1353526
1353091
1353106
1356933
1353052
1353102
1368082
1355655
1357622
1357730
1355297
1355910
1356070
1356284
1356366
1374608
1374617
1358136
1358191
1358192
1358202
1358930
1358931
1374953
1353723
1353732
1353924
1354754
1354887
1367831
1367898
1371481
1354455
1353963
1354529
1354538
1354728
1393884
1358349
1370216
1356093
1356099
1356112
1356153
1356154
1356165
1356166
1356205
1356274
1381781
1381827
1381843
1356214
1356335
1375801
1375874
1375938
1357895
1370940
1357906
1357912
1357923
1357994
1358186
1385089
1389561
1397233
1375701
1375753
1361482
1358736
1358762
1358821
1358940
1358941
1359030
1359123
1359334
1360513
1360518
1360422
1360525
1358980
1361496
1364753
1359412
1359495
1359568
1359739
1359472
1359799
1359824
1359851
1359856
1359860
1359864
1400675
1376109
1359892
1359898
1360930
1360948
1367937
1360560
1360607
1360819
1361647
1363123
1363201
1397254
1397382
1361346
1367840
1362309
1362323
1362332
1362333
1362341
1362808
1362810
1363056
1363077
1366557
1397071
1397231
1371311
1363271
1363306
1363464
1363468
1364019
1394554
1364377
1365198
1365199
1394569
1389997
1395187
1366364
1366365
1366518
1366953
1368480
1368746
1368948
1376131
1370761
1375326
1382671
1395186
1395188
1395364
1403971
1409231
1370093
1375407
1401459
1370884
1375749
1375778
1371220
1401298
1371243
1371267
1371644
1371652
1371678
1372112
1372261
1374005
1374119
1379200
1389109
1389111
1393785
1404153
1374098
1377229
1385128
1386310
1376086
1376105
1385147
1389381
1396681
1377449
1377528
1377691
1378801
1378828
1378836
1379329
1379029
1382672
1383529
1380577
1389995
1380160
1380225
1380247
1398553
1398562
1398589
1407516
1380587
1380473
1380794
1380809
1381382
1381506
1381526
1390383
1381590
1381932
1382014
1382016
1398073
1402799
1403408
1403409
1382010
1382683
1382689
1382691
1382693
1382700
1383078
1383093
1392630
1392638
1402602
1382570
1382580
1382581
1382583
1384217
1384219
1384227
1387327
1383150
1388963
1389024
1389025
1389391
1384542
1385206
1385208
1385209
1385211
1385214
1385216
1385221
1385224
1385226
1385227
1385230
1385245
1385279
1385299
1385304
1385310
1385318
1385320
1385322
1387166
1389360
1392018
1389885
1403607
1396344
1408885
1391500
1392480
1394652
1393882
1394899
1394937
1395418
1395999
1394741
1404468
1396613
1400338
1384053
1270843
1072456
1361513
1364014
1119106
1144041
1333553
1151307
1166230
1334070
1170173
1268447
1387116
1387157
1377547
1196745
1220205
1325881
1325882
1351981
1351995
1351999
1352240
1352272
1352278
1352347
1361667
1370448
1389899
1336513
1262431
1262433
1262434
1262435
1352050
1352060
1363953
1358976
1275704
1275766
1275792
1326325
1368535
1339937
1340195
1365696
1288858
1405913
1280998
1285280
1285272
1362430
1287480
1287483
1322119
1327750
1327768
1327773
1363576
1363581
1291882
1351989
1375455
1375460
1375461
1297616
1313131
1313170
1313172
1313197
1363190
1363192
1363203
1296807
1296877
1374347
1389241
1409525
1298107
1298109
1298111
1298116
1298119
1298120
1298122
1298127
1298132
1298136
1298145
1298234
1339347
1339349
1339351
1299603
1302115
1302246
1302261
1302291
1302296
1302302
1302308
1302322
1381702
1392299
1392312
1404957
1312166
1346165
1327711
1393826
1316118
1304835
1304851
1304852
1304854
1304855
1304861
1305244
1308580
1322046
1322083
1322117
1322128
1322167
1322200
1322213
1342938
1338441
1338817
1359411
1367173
1308588
1308607
1308674
1315657
1312909
1313206
1313210
1313211
1366612
1365674
1368347
1331027
1388844
1316771
1316868
1326129
1316938
1318240
1318421
1318461
1318468
1318586
1318678
1318794
1319570
1330948
1330949
1330975
1330986
1330987
1331122
1331151
1331313
1331361
1318445
1318462
1326358
1354591
1321005
1321117
1321121
1321178
1349900
1323637
1323652
1323663
1323686
1325362
1340334
1343082
1356624
1327081
1327716
1327721
1327730
1327744
1411106
1327848
1328691
1351043
1363928
1367975
1350991
1331176
1331397
1331399
1331418
1331511
1331522
1331555
1331580
1331844
1396720
1331506
1331508
1331510
1331519
1331525
1331541
1331552
1331558
1331583
1332167
1332169
1332170
1332178
1348831
1348832
1348833
1348840
1348843
1332403
1332523
1391702
1332917
1333479
1333481
1362494
1332968
1333613
1333653
1333456
1333473
1333482
1333483
1333496
1333498
1333503
1333515
1333517
1333524
1333537
1333551
1333557
1333607
1333615
1333621
1333632
1342150
1342153
1349332
1349374
1334205
1334209
1334211
1334213
1334218
1334219
1334228
1334229
1334235
1334437
1334463
1341074
1341261
1341349
1357127
1357129
1357130
1357303
1357356
1357361
1357364
1357373
1357420
1366956
1366959
1334778
1335226
1335229
1335232
1335234
1335235
1335237
1335238
1335241
1335247
1335251
1335340
1335347
1335365
1335416
1380360
1380605
1380607
1380636
1380644
1380648
1380664
1337083
1347145
1336592
1337494
1355314
1337961
1337964
1337965
1337966
1350112
1350117
1344057
1338697
1339350
1339358
1339363
1339398
1359021
1359028
1359060
1359064
1359090
1359098
1359100
1339898
1374457
1340145
1340146
1340150
1340299
1341140
1341193
1341262
1341299
1341330
1341334
1341343
1341611
1341622
1341631
1341698
1341737
1367585
1367587
1367589
1367607
1367618
1367620
1382866
1383057
1389018
1389082
1368723
1340629
1340768
1346841
1389533
1377112
1377145
1377217
1385254
1343211
1343220
1343223
1358652
1363283
1363290
1363322
1343272
1344675
1380181
1380223
1382547
1405157
1368319
1368343
1343617
1343622
1343625
1343655
1343694
1343695
1343708
1343734
1343778
1343786
1345425
1378901
1378910
1379005
1379277
1391515
1343735
1373771
1344010
1344295
1368655
1368658
1360541
1360542
1360547
1360554
1365105
1344785
1344809
1344824
1344825
1344831
1344840
1344844
1361770
1361781
1361814
1363580
1349501
1364738
1348541
1377428
1377430
1345945
1346291
1346788
1372973
1372979
1346401
1350318
1351078
1351131
1351191
1351196
1351356
1351549
1353783
1353893
1386194
1386237
1386244
1386280
1346402
1346409
1346789
1346793
1346850
1346857
1347658
1347662
1408660
1408690
1408739
1408740
1348179
1348220
1348236
1348397
1348549
1348550
1348735
1348783
1348802
1348808
1348812
1348819
1348903
1348927
1348960
1348961
1348994
1349240
1349272
1349275
1349301
1349315
1349336
1349360
1349486
1349608
1349625
1389473
1389482
1389499
1389508
1389537
1389548
1389552
1389587
1389593
1389618
1389643
1389676
1389801
1389910
1390097
1405825
1349830
1348837
1350310
1350582
1350393
1350789
1350876
1351066
1351082
1355347
1355457
1352322
1352487
1352867
1351194
1351346
1351352
1351377
1351540
1351731
1351761
1351763
1351870
1351889
1351949
1351965
1351973
1351975
1351980
1351986
1351990
1351994
1378629
1378635
1378717
1378748
1378749
1352348
1352515
1352579
1372929
1372942
1350568
1350788
1351354
1351360
1351637
1351644
1357306
1357419
1357746
1350546
1350565
1350570
1373421
1373429
1350909
1370480
1373770
1358110
1358137
1382379
1351068
1351083
1395425
1352623
1352624
1352660
1352671
1352681
1353486
1353487
1353488
1353492
1353499
1353500
1353504
1353508
1353510
1353515
1353521
1353529
1353531
1353536
1353538
1367115
1355989
1384929
1355651
1356052
1357126
1357520
1357525
1357528
1357613
1357704
1357764
1357773
1374175
1374192
1374289
1374317
1358130
1358157
1358188
1358211
1358760
1358945
1358946
1358956
1358968
1358977
1374848
1374855
1374958
1374967
1353872
1354768
1354828
1367833
1367837
1367859
1367899
1353777
1354110
1354112
1354114
1354402
1354456
1354459
1354860
1354880
1355011
1355055
1355091
1355507
1355516
1368435
1355550
1355570
1355573
1355583
1359585
1366470
1364617
1356646
1356647
1370927
1370937
1366611
1357904
1357974
1357998
1358037
1358161
1384996
1385093
1389575
1358004
1358016
1358025
1375714
1358122
1358129
1358142
1361356
1361452
1361457
1361489
1361514
1373639
1373641
1373645
1373672
1373694
1360152
1359126
1359172
1359385
1359406
1359440
1360892
1360901
1360940
1361223
1392641
1358629
1358687
1358700
1358597
1360434
1371477
1360621
1360624
1361065
1361222
1361306
1361316
1361509
1361530
1361563
1361694
1359382
1359386
1359558
1359561
1359577
1359732
1359493
1359474
1359801
1359814
1400583
1360496
1385802
1359891
1360458
1360477
1367651
1367886
1367895
1365097
1370943
1397242
1360561
1373089
1373097
1360941
1361224
1366623
1361069
1381585
1361951
1361955
1361962
1362030
1362039
1362301
1362308
1362311
1362315
1362320
1362322
1362324
1362334
1362337
1362339
1362354
1362359
1362360
1362380
1362801
1362802
1362805
1362806
1362811
1362812
1387498
1387540
1361760
1361765
1366554
1367405
1367406
1370449
1362089
1362090
1363043
1380149
1382095
1363298
1363310
1363520
1364001
1364011
1364013
1364022
1394477
1394546
1394548
1405634
1365219
1364386
1364444
1364355
1368352
1374763
1365232
1366059
1367456
1368078
1368745
1370189
1370620
1370846
1370271
1370274
1370332
1390399
1399731
1372550
1369523
1369579
1382069
1382078
1369582
1369632
1369634
1370330
1370611
1370764
1370770
1375279
1382278
1382288
1382313
1382320
1382326
1382602
1395272
1403918
1403920
1409238
1409243
1370092
1375423
1370804
1370827
1370845
1399280
1399283
1399294
1370873
1370874
1370876
1370879
1370881
1372368
1372381
1375765
1375772
1397523
1397528
1370989
1371178
1379474
1379479
1371489
1371551
1371566
1371602
1371613
1371633
1371657
1371736
1371737
1371742
1371746
1372328
1372520
1372160
1372980
1373805
1373996
1374015
1374091
1374121
1389110
1393790
1408126
1373439
1375547
1375556
1375559
1375561
1375564
1375565
1374288
1373924
1382091
1377221
1382256
1376071
1376089
1385151
1404911
1387263
1389474
1392475
1396685
1378830
1378833
1378834
1378837
1378893
1379055
1379061
1379509
1382436
1382604
1382668
1383546
1383548
1380549
1380556
1380581
1389857
1389866
1389935
1394447
1398520
1398545
1398547
1398558
1398581
1398582
1398590
1404659
1380796
1380799
1380868
1381715
1391385
1391512
1381705
1381821
1381831
1381842
1382025
1382045
1398076
1398077
1398083
1402605
1402781
1402806
1402814
1403014
1403114
1403196
1403340
1403353
1381940
1381947
1382686
1382687
1382688
1382695
1382696
1382708
1383075
1383077
1383079
1383082
1383083
1383086
1383094
1383096
1392561
1392566
1392601
1392627
1392654
1392825
1392826
1392828
1402629
1387114
1382321
1382376
1405511
1382577
1382578
1382579
1382585
1382592
1382594
1382597
1384179
1384193
1384196
1384200
1384201
1384220
1384222
1384235
1383374
1387204
1387205
1387272
1387280
1383142
1383158
1383159
1383161
1383224
1383243
1383625
1385189
1391821
1391790
1385706
1384541
1393212
1391962
1404874
1386438
1387108
1387289
1387335
1389366
1389367
1389376
1389377
1398275
1403230
1391402
1391404
1395436
1396041
1392918
1407647
1394584
1394882
1394945
1395435
1395444
1395924
1396013
1394760
1394827
1394828
1401747
1401754
1395643
1396209
1396213
1404490
1404517
1407238
1407473
1397068
1397240
1397521
1397027
1405265
1405205