1350426
1383515
1363080
1383508
1368625
1370929
1368643
1363079
1363082
1144041
1285848
1287534
1287562
1287560
1369114
1353550
1330036
1386418
1337497
1337501
1385128
1364256
1301526
1394946
1394951
1311775
1311701
1366885
1349501
1284521
1264906
1362407
1362406
1327250
1327253
1327249
1328691
1331416
1370098
1357975
1340204
1340235
1385186
1335769
1389536
1405205
1350498
1306467
1381752
1331375
1331418
1331397
1331399
1382027
1333134
1360819
1395425
1355310
1355313
1355316
1282784
1306468
1346401
1351071
1360781
1336124
1354112
1354114
1354115
1354110
1354116
1354111
1379450
1379482
1379321
1335705
1335706
1340243
1335710
1352268
1370937
1370927
1353529
1353538
1353500
1353504
1353505
1353508
1353510
1353515
1353518
1353521
1353526
1353531
1353535
1353536
1357905
1357907
1357938
1357942
1357099
1356647
1275682
1275683
1359732
1359735
1359739
1359724
1359743
1392462
1387039
1354880
1354860
1349544
1363056
1368655
1368658
1354108
1354109
1351078
1335724
1340238
1380360
1370939
1392421
1370940
1357939
1356646
1275627
1392434
1386438
1349518
1363077
1363078
1354819
1354832
1385189
1344675
1355349
1355436
1392426
1392429
1392475
1392433
1392460
1392464
1392465
1396681
1396685
1348122
1369054
1377527
1337490
1337491
1355314
1381705
1344785
1344797
1367456
1367457
1367459
1382082
1382097
1318461
1375753
1357954
1357957
1357960
1357904
1357906
1357912
1357923
1357974
1357994
1357998
1375798
1375802
1375804
1382078
1382079
1405281
1375749
1350420
1375765
1362494
1382069
1338817
1369053
1389575
1389597
1393790
1389561
1381782
1395364
1395354
1381709
1381779
1381781
1381784
1355317
1298234
1298235
1334463
1334464
1298224
1334454
1368668
1368745
1318444
1318421
1318468
1331313
1337494
1370964
1357126
1351763
1351761
1350437
1350445
1350531
1350506
1350515
1351082
1351070
1355347
1357920
1356777
1395357
1395349
1383374
1357105
1357127
1357129
1357130
1357141
1339234
1396680
1367450
1403514
1381778
1381780
1374457
1319630
1319634
1382025
1382045
1339248
1339252
1337489
1353564
1337492
1351081
1351083
1352240
1352272
1352278
1352299
1382095
1401754
1374456
1355315
1359851
1359854
1359855
1359856
1359865
1359860
1359799
1359814
1359824
1359833
1359826
1345945
1382014
1382021
1382031
1382043
1377691
1378801
1377528
1379329
1378828
1378830
1378833
1378834
1378836
1378837
1348118
1348134
1348151
1348170
1378893
1348179
1349486
1389587
1389593
1389676
1389508
1389548
1389552
1380300
1380302
1348176
1348180
1348184
1381715
1389537
1346575
1346574
1354828
1354887
1346402
1346409
1346410
1353548
1390592
1383386
1383387
1390587
1403607
1318462
1318466
1403473
1342150
1321117
1321121
1381754
1379479
1379481
1370934
1321122
1321172
1321178
1394945
1394937
1356624
1354893
1327251
1377521
1399063
1344796
1382090
1331361
1375801
1375714
1357949
1352238
1377515
1375772
1375778
1369110
1369051
1392312
1381707
1278790
1359850
1288858
1334437
1334438
1298211
1334445
1298249
1298251
1359801
1400583
1368652
1318437
1392437
1350519
1345972
1357102
1357118
1350526
1351075
1357947
1355457
1366871
1357119
1367446
1334403
1359864
1382016
1334402
1339239
1334404
1370986
1403408
1403409
1401747
1374455
1389533
1380337
1380379
1382091
1366059
1299576
1299591
1302080
1299583
1299603
1340299
1348147
1348152
1296598
1399053
1390582
1390583
1404957
1392299
1318445
1318460
1392309
1342153
1385147
1385151
1404911
1403415
1370943
1370948
1370950
1411106
1399701
1368746
1287632
1352236
1375722
1350500
1411043
1377547
1402303
1326825
1367427
1362430
1363904
1396712
1359726
1367424
1350439
1333124
1333127
1399731
1362477
1359783
1396720
1359781
1359733
1359740
1391827
1312166
1391828
1333932
1352254
1348181
1332649
1332648
1332647
1346405
1364386
1405268
1405265
1327254
1395393
1395396
1395389
1395418
1352246
1346403
1370092
1370093
1370094
1370095
1370987
1370989
1382010
1382023
1388350
1359728
1388352
1359742
1369143
1280934
1331401
1330137
1151307
1268447
1280998
1331398
1340203
1286293
1286295
1286296
1286297
1286298
1286299
1330824
1356643
1391821
1344659
1119106
1374462
1385819
1404070
1350651
1347541
1394740
1347551
1333258
1333261
1351989
1330684
1166230
1330678
1343136
1343103
1342935
1342940
1220205
1285946
1405913
1313621
1382746
1361801
1289412
1382716
1336878
1328729
1351043
1361304
1384831
1365673
1365675
1358564
1358569
1303343
1282888
1345792
1345791
1380138
1386288
1343127
1339096
1303349
1390385
1336832
1337662
1304727
1306109
1319430
1389357
1330943
1330970
1330974
1330976
1330979
1290411
1384884
1389360
1401557
1343116
1315337
1379990
1385254
1339919
1339921
1339937
1339943
1339932
1398545
1398547
1398552
1398553
1398558
1398562
1398581
1398582
1398589
1398590
1398520
1370256
1383543
1365674
1331957
1331964
1361224
1349644
1349646
1394736
1390331
1394746
1361302
1390383
1206281
1364358
1364377
1359898
1359897
1335582
1385221
1385208
1385222
1385223
1385212
1335581
1385220
1385224
1359892
1335579
1335583
1385211
1335576
1335580
1335584
1335588
1385227
1385230
1385209
1385216
1385218
1385206
1385210
1385214
1382700
1382706
1385226
1382702
1382703
1359891
1382708
1382704
1386280
1386287
1385244
1385245
1385283
1385284
1385242
1385276
1385279
1385287
1379473
1360512
1350582
1275710
1275704
1275740
1275741
1359500
1392458
1360503
1360509
1360517
1363044
1363045
1364354
1364355
1364373
1359895
1335571
1335573
1351023
1351047
1385299
1385201
1385203
1359889
1385202
1385237
1385238
1360505
1353697
1360525
1275706
1361858
1352056
1343400
1343402
1319439
1319425
1336355
1399085
1363033
1262424
1262431
1262433
1262434
1262435
1332403
1330946
1330975
1368431
1368434
1368435
1375874
1375938
1375940
1375871
1365664
1365677
1331485
1331486
1331492
1394737
1394741
1373805
1381434
1381469
1361814
1361815
1390399
1352050
1352053
1352060
1363956
1393785
1402290
1397233
1370759
1378910
1334583
1334584
1330163
1368720
1360526
1318405
1330948
1330949
1330986
1330987
1330988
1365670
1365692
1319415
1319423
1392480
1350644
1350627
1350639
1358202
1358211
1352348
1395436
1395445
1383548
1383568
1351944
1351973
1351980
1351889
1351949
1351958
1351965
1351975
1351870
1351873
1374608
1374617
1378978
1352346
1350569
1350575
1350594
1350568
1350585
1350591
1351067
1351046
1357746
1383528
1383529
1383539
1351987
1366942
1361222
1350551
1361306
1350562
1350565
1371566
1366956
1366959
1339349
1339351
1403573
1348824
1348828
1348832
1319446
1367102
1363928
1341621
1339398
1339363
1339356
1339358
1339362
1339367
1339388
1378905
1364022
1352309
1352318
1352347
1352047
1402806
1358598
1360513
1360518
1361223
1360892
1340334
1348220
1341611
1341619
1341622
1341631
1348802
1348808
1348812
1348819
1349608
1349625
1389643
1380473
1341698
1341702
1348236
1349563
1341650
1341651
1341652
1389618
1331956
1331977
1376071
1376074
1343102
1370757
1370761
1370764
1370768
1370770
1399073
1383477
1394104
1371551
1350570
1370792
1394760
1379474
1348831
1348833
1348840
1348843
1370216
1402814
1402855
1397240
1398594
1395444
1139000
1363016
1363023
1397254
1262420
1262421
1370189
1365684
1365696
1331478
1331479
1367405
1367406
1375872
1363953
1408126
1324371
1373259
1373264
1334565
1334596
1330150
1330154
1360528
1330971
1378901
1350559
1383567
1383546
1351881
1357730
1357764
1357773
1351986
1378690
1352322
1351027
1351056
1351066
1389388
1389390
1383527
1397231
1350546
1339347
1366960
1363043
1348822
1339350
1351068
1351981
1366945
1342938
1358568
1302115
1327081
1341639
1331967
1371481
1376086
1376089
1389391
1343110
1343104
1343121
1402811
1381702
1371489
1393408
1343129
1350628
1367115
1368723
1398588
1351963
1351964
1395435
1397242
1339920
1339918
1370779
1373258
1398275
1373262
1363949
1326919
1404874
1376057
1363894
1342942
1320421
1390386
1348814
1373245
1348830
1348837
1357753
1352099
1373243
1352093
1330991
1405912
1389381
1376082
1383544
1327301
1351952
1351946
1340904
1364369
1105637
1373272
1351984
1336309
1336300
1389366
1389367
1389376
1389377
1281599
1282892
1391962
1281593
1282897
1371477
1313683
1350553
1282827
1371473
1349669
1260695
1313676
1368482
1348818
1343410
1343440
1366953
1270843
1390378
1358597
1368480
1355929
1342670
1300928
1297685
1318244
1377469
1344542
1377458
1287468
1356559
1287473
1356557
1287469
1297683
1321795
1381494
1306174
1281297
1287485
1300971
1297616
1297619
1312956
1278426
1326652
1360485
1341302
1371311
1380919
1380921
1380922
1367975
1321841
1382846
1363592
1349297
1363584
1363576
1363581
1350239
1365336
1363580
1343978
1343979
1343980
1400359
1381493
1380160
1380166
1380176
1380216
1380225
1380233
1380240
1380247
1340182
1340195
1395187
1383328
1329756
1329784
1329754
1329755
1331941
1331176
1343213
1343220
1343229
1343223
1343242
1207308
1207310
1371223
1371218
1371220
1360627
1360629
1366623
1343211
1343240
1207306
1207307
1325330
1381537
1368589
1361894
1377300
1281288
1281290
1347639
1358147
1347661
1358152
1347662
1347667
1363534
1363556
1335592
1335593
1335595
1335594
1351549
1386244
1386279
1379230
1379236
1379281
1335646
1335647
1335644
1335698
1379284
1322200
1353492
1353494
1353499
1357895
1400337
1392044
1359495
1359555
1359568
1359577
1359580
1359574
1359578
1360477
1360484
1360487
1361943
1361945
1361955
1361957
1361962
1387540
1367937
1364881
1364876
1347635
1358141
1358142
1347657
1347658
1386240
1386242
1386272
1379221
1379283
1379288
1386237
1335684
1379222
1352868
1322213
1376168
1367980
1367989
1359558
1359561
1360499
1361951
1358349
1380223
1384510
1384512
1348931
1348981
1348984
1348989
1348952
1364898
1364925
1364900
1364928
1381540
1381541
1381545
1367173
1367178
1358161
1385089
1400348
1360560
1360563
1360571
1370881
1370884
1370889
1370892
1370876
1370877
1370878
1370879
1332518
1332523
1331210
1375701
1357897
1358186
1381486
1395188
1380231
1361790
1376131
1358227
1373097
1373098
1379205
1385093
1334206
1334218
1334219
1334203
1334205
1334209
1334211
1334213
1334214
1334228
1334229
1298116
1298111
1298113
1298114
1298115
1298117
1298118
1298119
1298120
1298122
1298127
1298128
1370846
1343261
1360541
1360542
1360545
1360547
1360548
1360549
1360550
1360552
1318240
1331115
1331120
1331122
1331123
1331151
1319493
1319568
1319570
1383150
1383161
1383162
1383158
1383159
1358157
1358187
1358188
1358191
1358192
1355910
1351540
1378629
1378635
1353333
1353334
1351547
1383114
1395186
1341344
1341349
1373770
1372520
1360621
1360624
1361794
1319571
1319560
1319576
1319579
1319585
1394827
1394828
1363504
1363520
1364001
1364002
1364011
1364013
1364019
1363578
1363579
1363571
1380141
1380149
1379232
1379277
1368574
1352038
1404517
1404705
1397071
1339889
1394816
1343252
1343253
1343254
1343227
1359497
1343269
1343272
1343275
1327171
1358156
1348903
1348927
1349209
1348960
1348961
1341304
1349240
1348994
1341330
1341334
1349272
1349275
1341343
1349301
1389470
1389473
1389482
1389499
1375547
1375556
1375559
1405825
1375564
1375565
1358140
1358158
1360496
1331917
1382856
1382866
1371178
1371187
1371191
1407647
1383180
1383196
1383198
1390490
1390495
1403216
1403230
1405198
1370827
1339894
1339898
1360607
1402910
1402799
1392077
1370872
1367939
1367965
1374288
1381526
1381536
1400338
1360561
1360575
1370873
1370875
1370874
1389474
1352191
1381501
1325305
1373093
1373094
1379200
1400300
1400302
1359564
1370845
1334200
1334201
1334235
1298106
1298108
1298107
1298109
1360554
1331114
1319499
1383142
1383143
1355297
1357704
1374289
1352867
1376124
1364000
1363555
1368535
1367177
1389490
1361967
1409525
1355989
1343226
1343228
1359493
1368563
1360493
1380251
1375561
1360489
1390417
1390483
1383100
1383113
1405157
1381585
1360601
1392087
1370835
1359472
1359474
1366612
1397064
1397068
1394836
1394839
1397062
1373987
1345716
1335635
1373771
1346165
1367971
1322260
1364017
1387544
1396427
1372466
1388844
1366611
1379241
1331117
1331124
1331171
1359672
1359586
1376829
1324052
1385802
1363587
1394795
1358342
1346317
1346302
1351607
1394804
1332505
1364014
1330720
1392918
1381506
1381509
1394847
1394849
1394850
1394881
1394899
1394882
1345715
1345721
1380253
1376177
1359673
1359585
1387579
1359477
1359572
1380971
1330733
1368539
1395174
1299480
1259312
1312909
1391790
1255818
1351541
1372550
1201112
1373924
1367784
1348018
1372301
1389113
1356246
1389112
1365184
1258142
1354494
1378722
1354756
1356507
1304507
1336613
1363691
1344224
1344235
1386310
1372319
1358363
1287480
1287483
1301444
1316118
1399687
1309824
1339137
1339106
1339135
1350327
1363626
1362098
1362099
1377120
1374329
1356283
1389119
1237252
1389118
1364985
1364980
1374092
1316164
1361083
1363614
1348689
1348672
1371288
1394569
1280524
1350317
1346857
1346862
1380186
1389903
1358001
1346850
1339709
1377112
1377116
1377140
1377145
1346283
1344275
1344277
1361628
1361647
1343208
1344273
1344253
1344278
1385606
1391407
1362091
1397600
1296945
1187348
1374098
1364947
1348036
1198382
1108903
1337964
1337966
1337965
1322046
1322069
1408739
1408740
1348608
1350318
1336021
1336034
1336025
1336035
1336036
1336028
1336033
1336037
1336024
1340150
1336040
1336022
1336043
1382577
1336019
1336020
1336023
1336027
1336029
1336031
1336032
1336041
1336042
1340145
1382594
1382581
1382591
1382592
1340153
1340142
1340146
1340147
1340149
1382580
1382597
1382578
1382579
1382583
1382585
1402629
1402602
1336106
1336107
1336051
1336052
1336099
1336049
1335345
1335379
1335347
1335386
1384200
1384201
1384205
1350310
1353488
1353486
1353487
1358003
1326325
1326422
1362301
1362308
1362309
1362311
1362315
1362320
1362322
1362323
1362324
1362331
1362332
1362333
1362334
1362336
1362337
1362338
1362339
1362341
1362354
1362359
1362360
1362380
1354706
1354728
1371267
1353950
1344295
1337961
1337962
1348697
1348698
1348699
1336117
1336014
1336016
1384217
1384219
1340140
1382570
1382572
1350322
1336015
1336017
1382571
1336085
1336044
1335340
1335365
1352623
1352625
1352624
1353484
1353485
1326357
1326323
1380184
1380195
1382547
1380181
1344525
1231907
1231933
1347367
1385619
1385629
1385621
1385625
1396613
1389110
1389111
1403971
1369523
1350914
1350910
1369576
1369579
1366459
1338697
1356235
1356236
1356228
1358018
1358016
1373996
1374091
1357812
1354761
1363659
1363660
1397523
1350419
1397528
1346841
1373089
1350369
1350396
1350399
1389109
1395272
1409238
1338685
1407473
1298130
1298138
1298131
1298132
1298136
1298142
1350926
1318710
1318294
1318794
1381590
1404659
1383235
1383243
1374958
1374967
1351645
1346291
1356284
1352707
1357514
1357516
1357518
1357520
1357525
1357528
1351731
1374317
1378717
1378730
1378740
1378743
1378748
1350995
1350999
1350393
1351637
1357811
1382564
1365155
1365156
1333515
1333517
1333524
1361563
1361065
1333503
1394477
1394548
1349904
1349906
1398076
1398077
1403340
1403353
1402605
1374347
1365199
1338312
1358821
1325362
1323640
1323696
1323652
1323663
1323684
1323686
1341193
1341197
1349425
1349311
1349315
1341153
1349360
1380747
1380787
1380788
1380794
1380799
1349336
1349341
1354768
1346395
1346399
1308554
1308551
1353476
1353480
1376105
1382543
1405164
1326358
1326359
1326360
1349374
1356205
1370804
1321005
1321043
1321047
1321021
1349900
1396611
1356247
1356248
1356249
1356261
1356274
1365925
1361667
1340631
1340633
1340635
1142842
1142864
1142865
1350394
1394483
1403920
1409243
1350901
1350909
1318789
1366458
1356214
1358004
1325021
1377102
1346383
1346394
1381217
1409231
1363657
1397601
1336605
1370598
1409257
1350991
1298145
1298147
1383224
1374953
1378749
1350328
1350341
1351644
1354763
1404658
1394554
1361069
1327744
1375668
1398073
1398083
1398091
1398088
1394546
1365185
1365198
1302376
1302383
1359334
1302380
1323637
1377449
1348034
1380779
1380796
1354754
1353474
1376106
1403918
1405109
1360596
1349332
1388963
1321007
1349913
1398089
1327741
1327751
1397521
1340628
1340629
1360330
1360310
1360312
1360316
1142869
1377428
1348032
1391702
1370596
1370809
1326711
1364617
1405979
1374335
1393212
1393142
1374333
1365940
1376109
1371275
1402624
1394466
1218958
1309821
1327750
1327768
1309816
1369582
1394568
1394563
1243539
1340703
1340706
1340709
1340713
1394575
1394567
1394550
1373641
1373639
1373645
1373647
1394571
1377430
1362089
1362090
1366470
1366472
1391402
1391404
1369522
1387371
1371235
1371241
1371242
1371243
1360305
1344287
1397027
1384541
1384542
1344240
1372298
1326481
1289899
1305544
1361757
1368348
1368350
1368352
1329547
1329594
1348791
1396255
1348794
1385668
1385669
1396253
1367079
1358106
1376712
1322166
1301965
1356316
1293058
1293062
1356315
1341297
1392836
1365238
1368344
1265048
1396340
1359457
1296135
1391509
1323332
1376709
1361782
1375408
1375407
1396222
1401276
1354591
1354592
1377217
1389931
1389935
1374183
1373734
1392034
1392008
1339786
1339787
1377290
1377220
1377229
1377216
1377221
1377231
1285449
1285412
1366586
1331902
1331844
1329599
1397545
1359412
1400802
1401298
1343790
1351347
1365107
1360284
1338384
1350050
1326460
1350112
1350116
1350117
1348700
1348707
1348702
1348708
1348703
1348706
1348709
1346816
1348701
1348711
1348704
1346818
1346821
1346822
1346817
1346824
1346819
1346820
1322035
1322038
1322043
1322080
1322083
1322167
1358125
1358127
1358129
1351366
1382687
1351356
1351373
1382692
1382690
1384227
1384222
1384235
1382689
1382688
1382686
1382691
1382693
1382695
1382696
1382698
1323316
1379743
1354404
1354459
1360458
1308580
1352668
1352669
1352638
1352660
1352661
1352671
1352681
1360434
1360445
1359379
1359382
1359386
1401220
1355055
1360392
1360406
1362030
1362039
1387498
1376707
1367895
1350097
1350114
1348720
1346814
1346815
1322032
1322170
1358121
1358122
1335416
1382682
1382684
1384220
1382683
1382685
1354401
1354402
1354455
1354456
1360393
1386194
1360422
1391527
1391535
1359375
1355011
1355091
1353961
1344333
1368347
1368319
1368343
1368349
1385633
1385630
1385631
1359411
1338433
1363322
1394473
1394478
1370615
1372371
1372377
1327848
1356356
1356357
1356349
1358025
1308673
1308675
1308621
1373768
1374003
1374005
1374015
1374018
1374030
1374032
1358038
1358040
1358043
1354589
1370612
1397533
1397550
1373714
1373716
1361770
1361775
1361777
1361781
1361786
1361787
1361789
1391515
1370611
1404490
1338441
1382602
1370616
1396213
1397599
1370620
1344326
1345631
1345632
1308606
1358119
1358130
1358132
1358136
1363305
1346829
1356366
1357613
1357622
1351345
1351365
1351350
1351355
1351377
1374192
1382672
1382604
1351354
1387323
1387327
1396209
1404468
1365105
1361694
1333537
1333551
1333557
1333574
1333607
1333615
1333621
1333632
1372328
1353102
1360425
1360432
1361753
1361759
1363310
1379005
1343778
1343727
1343731
1343734
1343750
1343786
1389962
1389995
1402781
1404457
1365232
1345672
1345674
1358940
1359406
1359440
1360291
1358135
1341299
1348735
1348783
1379055
1379061
1389910
1380868
1380872
1348793
1358110
1358120
1358133
1358137
1331893
1308588
1308607
1308618
1308674
1367898
1367899
1359410
1370625
1370609
1370618
1370623
1407592
1327713
1327714
1327721
1327716
1327730
1360450
1360451
1360455
1360457
1372261
1333613
1372285
1350031
1313165
1313170
1313172
1313199
1313203
1313216
1313210
1313211
1365931
1340800
1395999
1340673
1340668
1340670
1389997
1343735
1353103
1361783
1372366
1372367
1356335
1356337
1358037
1394584
1361766
1361768
1381382
1361703
1360436
1358103
1358945
1358946
1358956
1358968
1358977
1351346
1357669
1351352
1351359
1374191
1382668
1352812
1353106
1351370
1351360
1354590
1408885
1333589
1343014
1361705
1361755
1361760
1361765
1358108
1363301
1363306
1343708
1343725
1358107
1339790
1403014
1405634
1403196
1372337
1389241
1358941
1359385
1302490
1341140
1341145
1331887
1308623
1343016
1364753
1327712
1360444
1315708
1313193
1313195
1313197
1352686
1313186
1313206
1340693
1340696
1395968
1340665
1365971
1365958
1394652
1345683
1345699
1296907
1382671
1313131
1375326
1327711
1401451
1333553
1334070
1375402
1379039
1379052
1358976
1347373
1358949
1367700
1392018
1364738
1364662
1373699
1401459
1336729
1336727
1343082
1337081
1349006
1361762
1361774
1372335
1372345
1372357
1396344
1327773
1369634
1394580
1361778
1361767
1361773
1335399
1340768
1340776
1340781
1395921
1395923
1395924
1340752
1395908
1395926
1373672
1373694
1373654
1373662
1345692
1323495
1383937
1369614
1379002
1379029
1369632
1377223
1377228
1359462
1387335
1358964
1358969
1072456
1387309
1358957
1358980
1353963
1350018
1344361
1391512
1337083
1385706
1405750
1286411
1362161
1367807
1385680
1370353
1371600
1364746
1367889
1372925
1372924
1331559
1385681
1344057
1388789
1328745
1369378
1384932
1298463
1298427
1366232
1366297
1298458
1298460
1371591
1375996
1360386
1358632
1341727
1358688
1341712
1358651
1322119
1322601
1359048
1331027
1331023
1375999
1344095
1400660
1408550
1366293
1363462
1325792
1396398
1305297
1305270
1341257
1369368
1331015
1331026
1331030
1375423
1361347
1335074
1365215
1365217
1365219
1365221
1365214
1365216
1365218
1365220
1382256
1382269
1316867
1316855
1316859
1331522
1331511
1331536
1331555
1331580
1331544
1394241
1407242
1407248
1407508
1407516
1360941
1344061
1344060
1344091
1344064
1319396
1319369
1380598
1360385
1355891
1303561
1374103
1304841
1304863
1304845
1304859
1304860
1304844
1304842
1304851
1304852
1304854
1304855
1304861
1322111
1322128
1305244
1360944
1360948
1360945
1385310
1385318
1383077
1351191
1351196
1385304
1383082
1383096
1383080
1383092
1383093
1383079
1360930
1383078
1383083
1383086
1383094
1392561
1392566
1392825
1392826
1392828
1380590
1380593
1353718
1367886
1367887
1319391
1316866
1326129
1316877
1319074
1275766
1387166
1354529
1354538
1354559
1387471
1308329
1332093
1304834
1304836
1304835
1304837
1322117
1316864
1316865
1385301
1383072
1383074
1370329
1370348
1383075
1392558
1380569
1370334
1316868
1316869
1275792
1383625
1367580
880286
880276
1355845
1392557
1392583
1392586
1331576
1370267
1370271
1370274
1370332
1360926
1344805
1372381
1372387
1382248
1345611
1345628
1365700
1365709
1308314
1331502
1372975
1331506
1372978
1331508
1372980
1331510
1331519
1331525
1331541
1331548
1331550
1331552
1331554
1331558
1331560
1331583
1374119
1354509
1359109
1359106
1370333
1384996
1370338
1407238
1370319
1382313
1319828
1319833
1319844
1371652
1371678
1371689
1371630
1371691
1383599
1318516
1318571
1318598
1318501
1318504
1318505
1318512
1318586
1318596
1345609
1345610
1345626
1380557
1372942
1372973
1356070
1355897
1383570
1351994
1351194
1351198
1351990
1377701
1374175
1351458
1357600
1370325
1387156
1387168
1387182
1374120
1374159
1404156
1371657
1371602
1371613
1371633
1357352
1357354
1357355
1357356
1357358
1357364
1357303
1333653
1333681
1357372
1357373
1357396
1375965
1404153
1381827
1381852
1381831
1381842
1328852
1366554
1366558
1363464
1363467
1363468
1363470
1343588
1343590
1363471
1366518
1366520
1339408
1339410
1359021
1359028
1359100
1353764
1353767
1366522
1351103
1380556
1380558
1380563
1380577
1380549
1358652
1351995
1351999
1382320
1381826
1396948
1403114
1387160
1387157
1384929
1365224
1359030
1358939
1360901
1364763
1341262
1367585
1367587
1367589
1341737
1348397
1380809
1346621
1381837
1346617
1381851
1367837
1322634
1322616
1383057
1322636
1353732
1353721
1353723
1367831
1367833
1367859
1354512
1370341
1393809
1393831
1361316
1369366
1355550
1355552
1355570
1355573
1355583
1381853
1363190
1363192
1382321
1395573
1391500
1363196
1382326
1370330
1344809
1372368
1331040
1345625
1346605
1372953
1374121
1370316
1356052
1358091
1382314
1382288
1381843
1307857
1373327
1373330
1367864
1400675
1371605
1371617
1371641
1371644
1366557
1366519
1326142
1358099
1358930
1358931
1372929
1372941
1372979
1351193
1357306
1381828
1404143
1357361
1341261
1384916
1382315
1357395
1343586
1380586
1380581
1364747
1370277
1382278
1365222
1345601
1345604
1302152
1302156
1302173
1302182
1302185
1302128
1302130
1302153
1302184
1302129
1360931
1360940
1358090
1358089
1344010
1354506
1367860
1367878
1382311
1382309
1357378
1398630
1409872
1409874
1397310
1357382
1357388
1365207
1293642
1331566
1393884
1293604
1366227
1367553
1367555
1388708
1370269
1375434
1375412
1375455
1375460
1375461
1341739
1393826
1361346
1344053
1365208
1369379
1369380
1361325
1367840
1373324
1373322
1343587
1331039
1331067
1319870
1380587
1279309
1377719
1370328
1383574
1391265
1340425
1340437
1373321
1351997
1363998
1291880
1291882
1291883
1361356
1400030
1383572
1395642
1395643
1375961
1371594
1363989
1358629
1266069
1393882
1363991
1358687
1370270
1316771
1316950
1356156
1369444
1360161
1360202
1321474
1305377
1377774
1372111
1374846
1372080
1301775
1306614
1355526
1318676
1355525
1286622
1355524
1355519
1355533
1355539
1355531
1325862
1325867
1325876
1361497
1039095
1350877
1325879
1325880
1325882
1361531
1389853
1313867
1361450
1325871
1325881
1374845
1313802
1315596
1360142
1353867
1353869
1305316
1305309
1381956
1349827
1349830
1373505
1373507
1362798
1385382
1389851
1389857
1389866
1339556
1361513
1313800
1308340
1308342
1337863
1363121
1331685
1331699
1394447
1344169
1360135
1360144
1361493
1344168
1360134
1405408
1389734
1308341
1308343
1408660
1408690
1331623
1385320
1385322
1335237
1335247
1351131
1335234
1335245
1335233
1335250
1335235
1335228
1335229
1335232
1335236
1335238
1335240
1335241
1335251
1392654
1380624
1380636
1380644
1380648
1380664
1380670
1379502
1392601
1392627
1392630
1392638
1384160
1353826
1353783
1353893
1350795
1319005
1319007
1319009
1275802
1275837
1275809
1387108
1362802
1362805
1362806
1362808
1362810
1362811
1362812
1387263
1353921
1363298
1332161
1335223
1335226
1392628
1384179
1367651
1319040
1295584
1359187
1359901
1362801
1333471
1341048
1368082
1341069
1355507
880306
1347167
1392600
1392602
1333332
1333334
1363295
1360194
1406887
1331614
1331616
1363167
1363204
1363205
1332917
1333479
1333481
1373439
1344844
1344847
1344817
1344819
1344820
1344824
1344825
1344830
1344831
1355513
1355514
1355512
1366366
1366365
1355516
1377053
1331596
1331611
1331617
1331619
1381039
1381089
1381091
1381807
1381824
1382427
1318683
1318687
1318669
1318672
1318678
1365778
1396041
1358760
1374855
1352454
1352492
1352494
1352509
1346788
1346790
1346792
1352562
1352563
1352579
1353011
1353040
1353046
1353044
1353048
1377825
1382436
1363290
1353062
1353073
1353091
1350788
1351102
1350789
1350876
1350882
1357419
1356933
1387272
1387280
1387204
1387205
1384058
1384090
1396126
1396108
1404232
1361496
1371736
1371737
1371742
1371746
1361509
1361530
1333473
1333482
1333483
1333496
1333498
1373442
1373422
1373429
1341074
1353059
1353070
1405407
1357401
1370449
1332153
1332167
1349867
1349868
1381821
1343620
1343625
1343617
1343637
1343690
1343692
1343694
1343695
1359060
1359064
1359090
1359098
1353773
1353777
1345425
1345442
1365072
1296894
1370448
1381822
1396134
1347923
1359123
1358736
1358762
1359172
1379509
1348549
1390097
1367607
1353042
1389801
1348470
1348550
1346778
1346787
1381816
1346789
1381947
1332022
1353877
1353924
1296807
1392641
1389042
1389018
1356095
1356099
1356102
1356112
1356110
1356153
1356154
1356158
1356159
1356165
1356166
1320985
1332164
1332169
1332170
1332172
1332174
1315644
1315657
1370452
1399280
1399283
1399294
1372160
1372164
1353058
1389070
1389082
1382373
1382379
1382384
1389025
1332181
1382376
1338238
1396004
1325858
1342302
1196745
1397382
1363123
1363201
1394459
1344840
1262518
1399271
1318602
1366364
1381037
1355680
1393069
1375279
1386655
1365097
1389742
1370480
1318664
1350864
1374848
1352513
1352515
1352487
1353092
1350867
1377030
1377032
1376505
1350782
1373425
1373428
1387115
1384050
1365091
1396103
1365095
1373421
1353052
1397393
1357420
1340611
1343622
1359126
1343567
1336592
1377779
1336513
1374763
1302246
1302261
1302296
1302302
1302308
1302336
1302291
1302254
1302312
1302322
1361525
1361535
1352489
1381809
1353872
1393802
1356093
1315636
1349861
1372112
1389024
1332178
1315642
1363203
1340605
1397470
1396013
1342303
1249675
1374774
1387116
1387290
1332027
1293739
1356115
1302353
1365073
1347165
1370453
1385368
1385369
1338141
1381971
1377883
1377790
1405511
1332970
1394450
1298621
1351125
1373420
1373394
1343619
1343624
1343621
1397469
1339554
1391386
1373503
1373390
1373443
1327551
1341909
1382422
1373388
1373438
1361452
1361457
1361459
1361482
1361489
1361514
1361455
1361458
1361480
1355624
1355623
1355625
1377031
1377049
1366324
1360147
1391399
1360152
1387289
1351121
1358700
1285272
1285280
1285299
1351118
1347145
1358719
1314305
1262550
1170173
1387114
1391385
1316938
1348541
1364444
1346793
1384053
1332968
1368078
1308466
1389877
1389898
1363239
1332109
1332118
1332110
1380605
1384193
1384157
1384159
1384196
1380607
1387245
1332101
1384152
1384153
1384180
1363271
1389885
1355651
1355655
1353002
1353008
1333456
1343654
1332125
1381926
1381932
1343675
1343644
1343649
1343655
1363284
1363286
1334763
1367618
1367620
1381940
1365892
1363283
1363282
1363273
1332114
1296859
1296877
1334762
1334778
1368948
1366302
1389899
1368955