89997
89997
100003
89997
89997
121374
77305
89997
77305
77305
121979
121979
117149
118682
114895
119099
118682
119099
122852
113883
119335
116020
100352
100352
120362
119099
109206
119135
114221
118607
120097
121782
119174
120577
100352
111640
118144
121782
118660
120159
121896
111640
122062
100352
120908
118157
115114
118790
109206
121896
118990
120908
121477
121896
116020
122596
118714
121782
120514
118157
121896
118022
120216
121896
117059
114895
119335
118489
100352
118667
121781
119679
121854
119525
118039
119715
121197
121093
119251
120623
100352
120553
122076
119174
119831
119516
121267
115509
117858
119640
115216
116991
120454
119335
121248
119479
121896
118790
120454
119638
118607
109206
121477
121864
100352
121367
121710
119177
120557
100352
115652
119715
120440
121115
116099
119894
119529
120213
120064
122157
119378
111640
116936
120085
120097
122090
120286
120433
117602
121197
120623
121185
119679
120097
116020
121854
119500
121326
121477
120354
122328
116991
118607
119613
121477
121358
119830
121854
121855
118790
120053
100352
120577
117052
121854
122603
117970
119679
121781
120908
116549
118542
120648
115881
121197
116991
120582
122600
115216
116549
118607
118809
119335
120097
121573
111640
121016
109206
115652
120097
120557
120582
121538
120356
119389
120286
120632
119529
121009
109719
118982
100352
121368
118790
119360
115114
120085
120557
114545
119819
114459
116020
119715
121371
100352
120075
121801
121896
120995
121358
118022
118809
120097
120881
116991
120322
100352
111640
115415
118139
120021
119692
118773
121477
121854
117647
120454
121896
122734
117412
121367
121781
120085
120299
120554
120854
120085
121739
120085
122596
119529
119819
119942
121197
121576
122603
118030
120653
110138
119715
119819
119831
120097
120557
121781
122328
120577
121896
100352
114895
117970
120770
121782
118398
120135
120577
121093
117903
118607
119715
121185
116523
119767
120021
120577
121248
110138
118139
119831
120553
121115
121620
121896
122607
122728
119797
120454
121197
121248
122536
100352
115216
115926
118809
118809
119692
120838
121616
120103
114454
116685
117801
118790
118790
120085
120098
120440
120577
120695
121367
121576
119024
121177
121238
115652
117970
118139
119620
119640
119760
121620
122603
116936
119389
119793
119830
120085
120582
122603
114221
119389
119819
120299
120567
121313
121824
122062
118990
100352
115216
117198
118917
119500
119529
120085
120359
120930
121115
121280
121695
122328
101878
111640
120098
120910
121368
121855
115114
119679
120299
120453
120553
120629
120959
114895
117602
118917
119863
122328
111640
116685
118039
119335
119793
119989
120354
120453
121193
121620
117929
118982
120653
109206
115069
117772
119558
120051
120053
120169
120299
120340
120340
121197
121557
118790
118849
120557
120817
121824
122328
114545
117903
117970
118790
119326
119389
119793
120299
120340
120557
120745
120910
121477
121710
121854
115926
118572
118954
119830
120097
120354
116991
117159
117772
119942
120085
120097
120553
120860
121557
121562
121573
121781
122076
109719
116041
118849
119831
119871
119894
121697
121710
121739
121824
114520
116936
118573
120354
120539
120557
120908
121197
121313
121367
121529
121620
122038
115433
116991
117801
119378
119529
120075
120557
121854
116020
116991
118790
118790
118790
118982
119326
119529
120075
120252
120340
120569
120636
121268
121371
121600
121620
121620
121710
122062
111640
116549
117296
117599
118713
118990
119384
121193
121197
121197
121238
121368
121371
100352
110542
115148
117412
118010
118103
118607
118607
118841
119529
119529
119620
119768
119775
119863
120298
120359
120557
120860
121781
121864
122076
122378
116693
116929
117929
119024
119775
119831
119883
120985
122607
117024
118607
120299
120354
120545
120551
120577
120598
120648
120995
121573
121710
121827
115926
116685
117746
118783
118790
119360
119520
119775
119830
120577
120817
120959
113877
116348
117296
118607
119068
119500
119520
119679
119715
119760
119768
120213
120221
120221
120359
120606
120640
120653
120910
121226
121358
121576
121781
122728
111640
111640
113498
115926
115926
116116
118954
119519
119529
119767
120098
120221
120354
120554
120582
120687
120705
120758
121728
122734
114116
115663
116689
116716
117183
117647
117648
118010
118010
118398
118492
118790
118917
119068
119360
119389
119529
119529
119640
120169
120251
120286
120355
120514
120551
120623
120730
120854
120908
121226
121248
121280
122607
68947
77305
115365
118573
118982
119384
119389
119389
119389
119759
119766
119863
120085
120454
120557
120606
121265
121326
121433
121477
121538
121824
121843
113883
114116
114339
118607
118689
118954
118982
119068
119068
119251
119640
119640
119863
119942
120075
120340
120419
120582
120648
120873
121115
121177
121576
121695
121913
122090
122607
105445
111640
118640
118954
118982
119500
119692
119863
120167
120196
120453
120454
121368
121371
121728
122039
122629
100352
110542
113329
116429
116429
116579
116716
116970
117052
117929
117929
118572
118573
118790
118917
118917
118982
118990
119068
119068
119328
119500
119529
119620
119760
119760
119767
119871
120036
120051
120072
120097
120340
120446
120614
120623
120653
120687
121206
121248
121313
122357
122536
122728
112795
115069
116936
117024
118954
119241
119519
120072
120193
120221
120355
120514
120632
121197
121326
121358
122062
122536
109719
110138
110542
111640
114445
114831
115069
115216
115216
116348
116523
117052
117929
118573
118607
118607
118719
118767
118982
119500
119529
119529
119555
119759
119760
119767
119871
119996
119996
120053
120213
120299
120299
120438
120553
120557
120557
120653
121009
121035
121185
121246
121697
121739
121844
122157
122328
122437
122728
89997
115926
116685
117929
117929
118139
118669
118719
119177
119328
119389
119551
119793
119793
120064
120098
120176
120235
120299
120388
120606
120813
120860
121248
121367
121368
121371
121728
122601
122607
122959
68947
110138
115069
115196
115216
116116
116116
116673
116716
116929
117198
117318
117837
117929
117929
117970
118671
118807
118826
119034
119050
119068
119068
119068
119500
119529
119529
119555
119620
119620
119620
119775
119784
119819
119831
119863
119884
120051
120053
120072
120186
120186
120299
120340
120340
120340
120340
120355
120390
120440
120473
120545
120557
120557
120598
120623
120648
120730
120745
120746
120930
120959
121115
121198
121248
121313
121358
121738
121739
121881
121896
121896
122038
122038
122038
122088
122601
122607
122711
77305
109719
111640
115926
116673
116689
116991
117657
117664
118790
118849
118990
119188
119272
119759
119793
119793
119831
120061
120061
120072
120072
120085
120221
120235
120298
120355
120446
120554
120577
120598
120598
120646
120730
120785
120959
121009
121115
121197
121238
121620
121695
121728
121739
121827
121844
121898
122166
122607
122648
109206
115069
115216
115652
115856
116270
116270
116673
116685
116689
117052
117052
117118
117183
117198
117225
117318
117318
117929
117929
118022
118103
118217
118572
118607
118607
118671
118982
119034
119034
119068
119068
119068
119068
119191
119276
119276
119326
119401
119510
119519
119529
119529
119558
119558
119558
119640
119640
119760
119760
119767
120058
120097
120155
120176
120193
120196
120299
120340
120340
120340
120340
120359
120390
120446
120453
120486
120557
120623
120640
120648
120648
120654
120746
120838
120873
120959
121197
121197
121307
121367
121529
121620
121678
121776
121781
121844
121844
121881
122157
122157
122231
122365
122601
122607
122607
114459
115069
115216
115652
116348
116673
116673
116673
116673
116685
117024
117249
117296
117664
117801
117929
118103
118103
118398
118459
118560
118767
118809
118947
119389
119389
119738
119767
119793
119830
119871
119894
120064
120075
120097
120215
120334
120354
120355
120390
120390
120446
120459
120514
120530
120530
120545
120632
120640
120648
120656
120785
120999
121197
121226
121238
121246
121358
121600
121620
121620
121695
121728
121728
121827
121844
121881
121915
122536
122607
102586
105108
110542
112795
114214
114445
114520
114520
115069
115069
115216
115216
115216
115216
115542
115855
115926
115926
116020
116502
116661
116685
116693
116693
117118
117118
117198
117296
117318
117746
117903
117929
117929
117929
117929
117929
117929
117968
118067
118103
118103
118219
118572
118689
118719
118790
118790
118790
118790
118808
118809
118811
118826
118826
118849
118907
118982
119000
119034
119034
119068
119068
119068
119068
119177
119177
119241
119272
119326
119352
119360
119389
119519
119529
119529
119555
119640
119650
119679
119738
119759
119767
119775
119793
119830
119890
119990
120028
120051
120155
120213
120213
120298
120299
120340
120340
120359
120359
120390
120419
120438
120557
120557
120577
120623
120640
120640
120654
120746
120758
120785
120810
120832
120910
120976
120976
121035
121045
121165
121197
121198
121246
121246
121267
121287
121313
121322
121326
121573
121573
121620
121620
121620
121637
121710
121728
121781
121824
121844
121884
122038
122038
122038
122088
122328
122601
122601
122607
122946
68947
109206
110138
113858
114445
115216
115216
115392
115850
115854
115926
116545
116574
116574
116673
116685
116693
117118
117118
117296
117814
117929
117929
117956
118671
118790
118809
118809
118849
118886
118954
119034
119177
119276
119300
119300
119328
119328
119340
119389
119558
119558
119558
119558
119620
119627
119767
119767
119767
119793
119929
119989
120053
120061
120061
120085
120098
120123
120125
120176
120193
120196
120235
120298
120355
120355
120355
120401
120419
120453
120454
120530
120530
120557
120598
120640
120730
120785
120829
120829
121050
121197
121197
121265
121358
121368
121371
121469
121529
121620
121620
121695
121728
121728
121844
121844
122101
122328
122441
122814
122946
77305
107570
112795
112842
114445
114520
114613
115216
115216
115216
115216
115852
115926
115926
116348
116574
116574
116579
116673
116673
116673
116685
116685
116685
116685
116685
116936
116970
117024
117118
117198
117318
117318
117412
117574
117721
117903
117903
117929
117929
117929
117929
117956
117956
117970
117970
118084
118103
118103
118460
118492
118492
118492
118572
118607
118667
118809
118809
118841
118841
118982
119024
119034
119034
119034
119034
119034
119034
119034
119050
119068
119068
119068
119068
119068
119068
119068
119177
119188
119300
119329
119352
119360
119389
119389
119401
119500
119500
119510
119519
119519
119519
119529
119529
119551
119553
119558
119558
119640
119640
119738
119759
119760
119760
119767
119786
119793
119793
119793
119863
119863
119990
120051
120051
120053
120063
120072
120072
120075
120155
120169
120169
120169
120169
120176
120193
120193
120194
120196
120213
120235
120251
120298
120300
120334
120340
120340
120340
120340
120340
120340
120340
120356
120359
120359
120359
120438
120438
120438
120446
120473
120473
120473
120474
120525
120545
120545
120557
120557
120557
120577
120578
120598
120598
120605
120623
120623
120636
120640
120746
120746
120746
120770
120785
120785
120817
120829
120829
120873
120976
120985
120985
121045
121045
121196
121197
121226
121226
121248
121248
121248
121286
121313
121313
121322
121326
121358
121358
121562
121562
121569
121573
121573
121620
121620
121620
121695
121710
121728
121728
121728
121728
121739
121739
121739
121750
121781
121839
121844
121844
121844
121881
121881
121881
121881
121898
121947
122038
122038
122038
122038
122038
122038
122038
122038
122038
122038
122038
122062
122090
122157
122157
122165
122328
122354
122357
122601
122607
122607
122607
122646
122675
122706
122728
122728
122946
122946
109206
110138
110910
111114
112795
114445
114612
114613
115069
115151
115216
115216
115365
115769
115853
115926
115926
116308
116545
116574
116673
116673
116673
116685
116685
116685
116685
117118
117118
117118
117118
117118
117225
117249
117249
117249
117249
117296
117296
117346
117346
117647
117657
117746
117837
117837
117837
117929
117929
117929
117929
117956
118001
118022
118103
118103
118394
118473
118572
118660
118671
118767
118807
118809
118809
118849
118849
118849
118880
118880
118959
118982
118982
118982
118982
118982
118982
119034
119034
119034
119034
119034
119035
119035
119078
119328
119340
119352
119360
119360
119360
119378
119471
119479
119519
119529
119529
119529
119558
119558
119558
119620
119620
119640
119640
119640
119640
119738
119759
119767
119863
119863
119863
119890
120021
120053
120061
120061
120061
120061
120061
120061
120072
120075
120075
120075
120075
120077
120077
120097
120097
120144
120155
120155
120155
120155
120155
120192
120193
120193
120196
120213
120221
120235
120235
120235
120286
120300
120388
120390
120390
120390
120438
120453
120454
120473
120478
120530
120530
120530
120530
120530
120530
120530
120545
120545
120551
120582
120606
120636
120640
120640
120640
120640
120648
120648
120730
120746
120750
120770
120785
120787
120787
120854
120908
120930
121045
121146
121176
121197
121197
121197
121197
121197
121197
121197
121197
121238
121248
121248
121248
121248
121267
121271
121280
121326
121372
121529
121529
121560
121562
121620
121620
121620
121695
121728
121728
121728
121728
121736
121793
121793
121824
121824
121827
121827
121844
121844
121844
121844
121844
121881
121881
121881
121896
121898
121915
122076
122101
122323
122328
122366
122607
122607
122645
122728
122814
122946
123041
77305
100352
105149
107570
107570
107570
109206
110277
112795
112795
113609
114221
114445
114520
115069
115069
115069
115069
115069
115148
115216
115216
115216
115216
115216
115216
115547
115547
115749
115769
115926
116348
116429
116495
116497
116545
116574
116673
116673
116673
116673
116673
116685
116685
116685
116685
116685
116685
116685
116685
116716
116970
117118
117118
117118
117118
117118
117118
117118
117183
117198
117249
117249
117296
117296
117296
117412
117412
117544
117574
117574
117574
117574
117602
117602
117721
117837
117903
117903
117903
117903
117929
117929
117929
117929
117929
117929
117929
117956
117970
117970
117970
117970
117970
117970
117970
117970
118022
118067
118103
118103
118103
118103
118103
118157
118219
118242
118356
118398
118426
118492
118572
118572
118572
118671
118767
118767
118767
118767
118767
118767
118790
118809
118809
118809
118809
118809
118826
118826
118826
118826
118826
118826
118826
118826
118826
118826
118826
118841
118841
118849
118849
118852
118917
118959
118961
118967
118967
118982
118982
118982
118982
118982
118982
118982
118982
118982
118982
118982
119000
119034
119034
119034
119034
119034
119034
119034
119034
119034
119034
119034
119034
119034
119034
119034
119034
119034
119034
119034
119034
119068
119068
119068
119068
119068
119068
119068
119068
119068
119068
119068
119068
119068
119068
119068
119068
119068
119068
119068
119068
119068
119068
119068
119188
119188
119300
119300
119300
119300
119300
119300
119345
119352
119352
119352
119352
119360
119360
119360
119360
119360
119389
119389
119389
119500
119500
119510
119510
119519
119519
119519
119529
119529
119529
119529
119529
119529
119529
119555
119558
119558
119558
119558
119558
119558
119558
119558
119609
119620
119620
119620
119621
119640
119640
119640
119640
119640
119640
119640
119640
119679
119699
119760
119760
119760
119760
119760
119767
119767
119767
119767
119767
119767
119768
119775
119786
119792
119793
119793
119863
119863
119863
119863
119863
119863
119863
119863
119894
119990
120021
120047
120051
120051
120051
120052
120053
120053
120053
120055
120058
120058
120058
120061
120061
120061
120061
120061
120061
120061
120063
120063
120063
120063
120063
120063
120063
120063
120072
120072
120072
120075
120075
120075
120076
120076
120076
120076
120085
120097
120097
120097
120098
120150
120155
120155
120155
120155
120169
120169
120169
120176
120176
120186
120192
120193
120193
120194
120194
120194
120194
120194
120194
120194
120196
120196
120196
120196
120196
120196
120196
120213
120213
120213
120213
120213
120213
120213
120213
120235
120236
120251
120251
120251
120252
120278
120300
120340
120340
120340
120340
120340
120340
120340
120340
120340
120340
120340
120340
120359
120359
120359
120359
120359
120390
120390
120438
120438
120438
120438
120438
120438
120438
120438
120446
120446
120454
120473
120473
120473
120473
120473
120473
120473
120473
120473
120473
120486
120486
120514
120524
120525
120528
120530
120530
120530
120544
120545
120545
120545
120545
120545
120545
120545
120554
120557
120557
120557
120557
120557
120598
120605
120606
120606
120623
120623
120623
120623
120629
120629
120640
120640
120640
120640
120640
120640
120640
120640
120640
120648
120648
120648
120695
120739
120746
120746
120746
120746
120746
120817
120860
120860
120881
120908
120930
120976
120976
120985
121011
121120
121131
121131
121176
121197
121197
121197
121197
121197
121197
121197
121197
121198
121206
121238
121248
121248
121248
121265
121265
121285
121290
121313
121313
121313
121322
121322
121358
121358
121358
121358
121358
121358
121420
121433
121529
121538
121538
121562
121562
121562
121573
121620
121628
121628
121628
121628
121628
121628
121628
121678
121695
121695
121710
121710
121728
121728
121728
121728
121728
121728
121728
121736
121739
121739
121739
121781
121781
121781
121801
121803
121824
121824
121824
121824
121824
121824
121824
121843
121844
121844
121844
121844
121844
121844
121844
121844
121844
121844
121881
121881
121881
121881
121881
121881
121881
121896
121898
121912
121912
121912
121912
121983
122038
122038
122038
122038
122038
122038
122038
122038
122038
122038
122038
122038
122038
122038
122038
122038
122038
122038
122038
122101
122269
122269
122299
122328
122357
122366
122377
122437
122543
122547
122607
122607
122607
122607
122629
122728
122770
122946
63727
79004
97717
104086
105445
106245
107523
107523
108067
108276
108276
109019
109057
109206
109206
109719
110669
111573
111640
111640
112795
112795
112795
112795
112795
112795
112795
112795
112795
113609
114324
114445
114445
114445
114445
114445
114445
114445
114795
115069
115069
115069
115069
115069
115216
115216
115216
115392
115415
115528
115750
115754
115769
115926
115926
115926
115926
115926
115926
116116
116116
116270
116327
116348
116348
116348
116429
116545
116545
116545
116545
116545
116545
116545
116574
116574
116574
116574
116574
116673
116673
116673
116673
116673
116673
116673
116673
116673
116673
116673
116673
116673
116673
116673
116685
116685
116685
116685
116685
116685
116685
116685
116685
116685
116685
116685
116685
116689
116716
116929
116970
117024
117118
117118
117118
117118
117118
117118
117118
117118
117118
117118
117118
117118
117118
117118
117118
117141
117225
117225
117249
117249
117296
117296
117296
117296
117498
117574
117574
117574
117574
117599
117647
117772
117772
117830
117837
117837
117851
117929
117929
117929
117929
117929
117929
117929
117929
117929
117929
117929
117929
117929
117929
117929
117929
117929
117956
117956
117956
118084
118103
118103
118103
118103
118103
118157
118157
118157
118157
118395
118395
118398
118426
118473
118572
118572
118572
118572
118573
118579
118629
118634
118640
118667
118719
118767
118767
118767
118767
118767
118767
118767
118767
118767
118790
118809
118809
118809
118809
118809
118809
118809
118809
118809
118849
118849
118849
118849
118849
118849
118849
118849
118849
118880
118880
118917
118925
118934
118934
118934
118936
118959
118959
118961
118961
118961
118961
118961
118961
118961
118961
118961
118961
118961
118961
118961
118961
118961
118961
118961
118961
118961
118961
118961
118982
118982
118982
118982
118982
118982
118982
118982
118982
118982
118982
118982
118982
118982
118982
118982
118982
118982
118982
118982
118982
118982
118982
118982
118982
119000
119034
119034
119034
119034
119034
119034
119034
119034
119034
119034
119034
119034
119034
119034
119034
119034
119034
119034
119034
119034
119034
119075
119081
119108
119177
119177
119188
119188
119188
119188
119188
119188
119191
119266
119300
119300
119300
119300
119300
119300
119300
119300
119300
119300
119300
119328
119328
119352
119352
119352
119360
119360
119360
119360
119360
119360
119360
119360
119360
119360
119360
119360
119360
119360
119360
119360
119360
119360
119360
119360
119360
119360
119360
119384
119389
119389
119471
119500
119510
119510
119510
119510
119519
119519
119519
119519
119519
119519
119519
119529
119529
119529
119529
119529
119529
119551
119551
119558
119558
119558
119558
119558
119558
119558
119558
119558
119558
119558
119558
119558
119558
119558
119558
119577
119577
119593
119609
119609
119609
119620
119620
119620
119620
119620
119640
119640
119640
119640
119640
119640
119640
119640
119640
119640
119650
119692
119692
119713
119715
119715
119735
119738
119738
119738
119738
119767
119767
119767
119767
119767
119767
119767
119767
119767
119767
119767
119767
119767
119767
119768
119768
119775
119791
119792
119792
119793
119793
119793
119793
119793
119793
119863
119863
119863
119863
119863
119863
119863
119863
119863
119863
119863
119863
119863
119863
119863
119863
119863
119863
119863
119863
119863
119863
119863
119863
119863
119863
119863
119863
119863
119863
119863
119863
119863
119863
119863
119863
119863
119863
119863
119863
119863
119863
119863
119871
119890
119990
119990
120053
120053
120053
120053
120053
120053
120053
120055
120055
120055
120061
120061
120061
120061
120061
120061
120061
120061
120061
120061
120061
120061
120061
120061
120061
120061
120061
120061
120061
120061
120061
120061
120061
120072
120072
120072
120072
120072
120075
120075
120075
120075
120075
120075
120075
120075
120075
120076
120076
120076
120076
120076
120085
120085
120085
120097
120097
120097
120098
120098
120098
120155
120155
120155
120155
120155
120155
120155
120155
120155
120155
120155
120155
120155
120155
120155
120155
120155
120155
120155
120155
120167
120176
120176
120192
120192
120193
120193
120193
120193
120193
120193
120193
120193
120193
120193
120193
120193
120196
120196
120196
120196
120196
120196
120196
120196
120196
120196
120196
120196
120196
120196
120213
120213
120213
120213
120213
120213
120213
120221
120235
120235
120235
120235
120235
120235
120251
120251
120251
120251
120251
120278
120298
120298
120300
120300
120300
120300
120355
120355
120356
120390
120390
120390
120390
120433
120438
120438
120438
120438
120438
120438
120438
120438
120446
120446
120446
120446
120453
120453
120453
120454
120454
120454
120454
120454
120454
120454
120454
120454
120454
120459
120473
120473
120473
120473
120473
120473
120473
120473
120473
120473
120476
120476
120478
120479
120486
120514
120524
120524
120524
120524
120524
120524
120524
120524
120524
120524
120530
120530
120530
120530
120530
120530
120539
120544
120545
120545
120545
120551
120554
120557
120557
120557
120557
120557
120557
120577
120577
120577
120598
120598
120598
120606
120606
120606
120621
120636
120640
120640
120640
120640
120640
120640
120640
120640
120640
120640
120640
120640
120640
120640
120640
120640
120640
120640
120640
120640
120640
120640
120640
120640
120640
120640
120640
120648
120648
120648
120653
120653
120656
120668
120668
120717
120730
120730
120739
120746
120746
120746
120746
120746
120746
120746
120746
120746
120746
120785
120813
120815
120817
120829
120860
120873
120936
121045
121102
121115
121115
121115
121115
121176
121176
121176
121176
121177
121186
121193
121193
121193
121193
121196
121196
121196
121197
121197
121197
121197
121197
121197
121197
121197
121197
121197
121197
121197
121197
121197
121197
121197
121198
121206
121246
121246
121246
121246
121246
121246
121248
121248
121248
121248
121248
121248
121248
121248
121248
121248
121248
121271
121280
121280
121280
121310
121310
121310
121310
121310
121310
121310
121310
121310
121310
121310
121310
121310
121322
121358
121358
121358
121358
121358
121358
121358
121358
121358
121387
121393
121393
121393
121393
121393
121393
121420
121424
121504
121529
121529
121562
121562
121562
121562
121576
121600
121620
121620
121628
121628
121628
121628
121628
121628
121628
121628
121695
121695
121695
121695
121695
121710
121710
121710
121728
121728
121728
121728
121728
121728
121728
121728
121728
121728
121728
121736
121739
121739
121739
121739
121766
121767
121813
121824
121824
121824
121824
121824
121824
121824
121824
121824
121824
121824
121824
121824
121824
121824
121824
121824
121827
121827
121844
121844
121844
121844
121844
121844
121844
121844
121844
121844
121844
121844
121844
121844
121844
121844
121844
121844
121844
121844
121844
121844
121844
121850
121864
121864
121864
121881
121881
121881
121881
121881
121881
121881
121881
121881
121881
121881
121881
121881
121881
121881
121896
121896
121896
121896
121896
121898
121898
121898
121898
121898
121898
121919
121919
121934
121936
121945
121984
122062
122071
122090
122101
122101
122165
122166
122250
122250
122250
122250
122285
122328
122354
122354
122366
122437
122463
122536
122601
122607
122607
122607
122607
122607
122607
122640
122650
122650
122650
122650
122706
122728
122728
122728
122728
122728
122728
122814
122814
122814
122815
123041
123284